lvlclr:1,1,1,1,1,1,1,1,1,1,1,1,1,1,1,
wmap_pos:902.242004,-540.059998
